 eh               0    30    60    90   120   150   180   210   240   270   300   330   360   390   420
NTR01A0047_001 0.000 0.000 0.000 0.000 0.000 0.000 0.000 0.000 0.000 0.000 0.000 0.000 0.000 0.000 0.000
NTR+1A0047_002 1.000 1.000 1.000 1.000 1.000 1.000 1.000 1.000 1.000 1.000 1.000 1.000 1.000 1.000 1.000
ALA01A0047_001 1.000 1.000 1.000 1.000 1.000 1.000 1.000 1.000 1.000 1.000 1.000 1.000 1.000 1.000 1.000
LYS01A0049_001 0.001 0.002 0.010 0.002 0.005 0.002 0.002 0.006 0.002 0.008 0.005 0.001 0.005 0.007 0.000
LYS01A0049_002 0.000 0.000 0.000 0.000 0.000 0.000 0.000 0.000 0.000 0.000 0.000 0.000 0.000 0.000 0.000
LYS01A0049_003 0.000 0.000 0.000 0.000 0.000 0.001 0.000 0.000 0.000 0.001 0.000 0.002 0.000 0.000 0.002
LYS01A0049_004 0.000 0.003 0.000 0.000 0.001 0.003 0.000 0.003 0.005 0.005 0.006 0.002 0.005 0.004 0.008
LYS01A0049_005 0.000 0.007 0.005 0.000 0.000 0.006 0.000 0.005 0.008 0.005 0.004 0.003 0.007 0.006 0.003
LYS01A0049_006 0.000 0.005 0.001 0.000 0.004 0.003 0.000 0.002 0.004 0.005 0.004 0.004 0.003 0.003 0.000
LYS01A0049_007 0.118 0.089 0.074 0.047 0.097 0.066 0.095 0.107 0.096 0.079 0.062 0.113 0.065 0.053 0.099
LYS+1A0049_008 0.000 0.000 0.000 0.000 0.000 0.000 0.000 0.000 0.000 0.000 0.000 0.000 0.000 0.000 0.000
LYS+1A0049_009 0.000 0.000 0.000 0.000 0.000 0.000 0.000 0.000 0.000 0.000 0.001 0.000 0.000 0.000 0.000
LYS+1A0049_010 0.147 0.152 0.147 0.092 0.153 0.150 0.090 0.125 0.084 0.146 0.114 0.087 0.176 0.140 0.100
LYS+1A0049_011 0.000 0.000 0.000 0.000 0.000 0.000 0.000 0.000 0.000 0.000 0.000 0.000 0.000 0.000 0.000
LYS+1A0049_012 0.000 0.000 0.000 0.000 0.000 0.000 0.000 0.000 0.000 0.000 0.000 0.000 0.001 0.000 0.000
LYS+1A0049_013 0.137 0.204 0.101 0.065 0.061 0.183 0.053 0.071 0.114 0.177 0.073 0.108 0.169 0.191 0.072
LYS+1A0049_014 0.596 0.538 0.661 0.795 0.679 0.587 0.760 0.681 0.686 0.573 0.730 0.679 0.571 0.596 0.717
LEU01A0050_001 0.940 0.863 0.969 0.978 0.977 0.914 0.987 0.973 0.938 0.881 0.958 0.922 0.900 0.892 0.984
LEU01A0050_002 0.000 0.000 0.000 0.000 0.000 0.000 0.000 0.000 0.000 0.000 0.000 0.000 0.000 0.000 0.000
LEU01A0050_003 0.060 0.137 0.031 0.022 0.023 0.086 0.013 0.027 0.062 0.119 0.042 0.078 0.100 0.108 0.016
LEU01A0050_004 0.000 0.000 0.000 0.000 0.000 0.000 0.000 0.000 0.000 0.000 0.000 0.000 0.000 0.000 0.000
GLU01A0051_001 0.000 0.000 0.000 0.000 0.000 0.000 0.000 0.000 0.000 0.000 0.000 0.000 0.000 0.000 0.000
GLU01A0051_002 0.000 0.000 0.000 0.000 0.000 0.000 0.000 0.002 0.000 0.000 0.000 0.000 0.000 0.001 0.000
GLU01A0051_003 0.000 0.000 0.000 0.000 0.000 0.000 0.000 0.000 0.000 0.000 0.000 0.000 0.000 0.000 0.000
GLU01A0051_004 0.000 0.000 0.010 0.000 0.007 0.005 0.000 0.025 0.004 0.000 0.000 0.019 0.000 0.015 0.000
GLU01A0051_005 0.011 0.000 0.011 0.000 0.000 0.020 0.000 0.038 0.038 0.000 0.000 0.005 0.007 0.030 0.000
GLU01A0051_006 0.000 0.000 0.000 0.000 0.000 0.000 0.000 0.000 0.000 0.000 0.000 0.000 0.000 0.000 0.000
GLU02A0051_007 0.000 0.000 0.000 0.000 0.000 0.000 0.000 0.000 0.000 0.000 0.000 0.000 0.000 0.000 0.000
GLU02A0051_008 0.000 0.000 0.000 0.000 0.000 0.000 0.000 0.000 0.000 0.000 0.000 0.000 0.000 0.000 0.000
GLU02A0051_009 0.000 0.000 0.000 0.000 0.000 0.000 0.000 0.003 0.003 0.000 0.000 0.003 0.000 0.002 0.000
GLU02A0051_010 0.000 0.000 0.000 0.000 0.000 0.000 0.000 0.000 0.000 0.000 0.000 0.000 0.000 0.000 0.000
GLU-1A0051_011 0.000 0.000 0.000 0.000 0.000 0.000 0.000 0.000 0.000 0.000 0.000 0.000 0.000 0.000 0.000
GLU-1A0051_012 0.989 1.000 0.979 1.000 0.993 0.975 1.000 0.933 0.955 0.999 1.000 0.973 0.993 0.952 1.000
ARG01A0052_001 0.000 0.000 0.000 0.000 0.000 0.000 0.000 0.000 0.000 0.000 0.000 0.000 0.000 0.000 0.000
ARG01A0052_002 0.000 0.000 0.000 0.000 0.000 0.000 0.000 0.000 0.000 0.000 0.000 0.000 0.000 0.000 0.000
ARG01A0052_003 0.000 0.000 0.000 0.000 0.000 0.000 0.000 0.000 0.000 0.000 0.000 0.000 0.000 0.000 0.000
ARG+1A0052_004 0.075 0.083 0.070 0.078 0.066 0.087 0.111 0.101 0.080 0.064 0.114 0.107 0.072 0.082 0.072
ARG+1A0052_005 0.925 0.917 0.930 0.922 0.934 0.913 0.889 0.899 0.920 0.936 0.886 0.893 0.928 0.918 0.928
ARG+1A0052_006 0.000 0.000 0.000 0.000 0.000 0.000 0.000 0.000 0.000 0.000 0.000 0.000 0.000 0.000 0.000
VAL01A0053_001 1.000 1.000 1.000 1.000 1.000 1.000 1.000 1.000 1.000 1.000 1.000 1.000 1.000 1.000 1.000
ASP01A0054_001 0.000 0.000 0.000 0.000 0.000 0.000 0.000 0.000 0.000 0.000 0.000 0.000 0.000 0.000 0.000
ASP01A0054_002 0.000 0.000 0.000 0.000 0.000 0.000 0.000 0.000 0.000 0.000 0.000 0.000 0.000 0.000 0.000
ASP01A0054_003 0.000 0.000 0.000 0.000 0.000 0.000 0.000 0.000 0.000 0.000 0.000 0.000 0.000 0.000 0.000
ASP01A0054_004 0.000 0.000 0.000 0.000 0.000 0.000 0.000 0.000 0.000 0.000 0.000 0.000 0.000 0.000 0.000
ASP01A0054_005 0.000 0.000 0.000 0.000 0.000 0.000 0.000 0.000 0.000 0.000 0.000 0.000 0.000 0.000 0.000
ASP01A0054_006 0.000 0.000 0.000 0.000 0.000 0.000 0.000 0.000 0.000 0.000 0.000 0.000 0.000 0.000 0.000
ASP01A0054_007 0.000 0.000 0.000 0.000 0.000 0.000 0.000 0.000 0.000 0.000 0.000 0.000 0.000 0.000 0.000
ASP01A0054_008 0.000 0.000 0.000 0.000 0.000 0.000 0.000 0.000 0.000 0.000 0.000 0.000 0.000 0.000 0.000
ASP02A0054_009 0.000 0.000 0.000 0.000 0.000 0.000 0.000 0.000 0.000 0.000 0.000 0.000 0.000 0.000 0.000
ASP02A0054_010 0.000 0.000 0.000 0.000 0.000 0.000 0.000 0.000 0.000 0.000 0.000 0.000 0.000 0.000 0.000
ASP02A0054_011 0.000 0.000 0.000 0.000 0.000 0.000 0.000 0.000 0.000 0.000 0.000 0.000 0.000 0.000 0.000
ASP02A0054_012 0.000 0.000 0.000 0.000 0.000 0.000 0.000 0.000 0.000 0.000 0.000 0.000 0.000 0.000 0.000
ASP02A0054_013 0.000 0.000 0.000 0.000 0.000 0.000 0.000 0.000 0.000 0.000 0.000 0.000 0.000 0.000 0.000
ASP02A0054_014 0.000 0.000 0.000 0.000 0.000 0.000 0.000 0.000 0.000 0.000 0.000 0.000 0.000 0.000 0.000
ASP-1A0054_015 0.926 0.943 0.957 0.955 0.925 0.934 0.897 0.909 0.899 0.964 0.934 0.928 0.949 0.939 0.888
ASP-1A0054_016 0.074 0.057 0.043 0.045 0.075 0.066 0.102 0.091 0.100 0.036 0.066 0.072 0.051 0.061 0.112
PRO01A0055_001 1.000 1.000 1.000 1.000 1.000 1.000 1.000 1.000 1.000 1.000 1.000 1.000 1.000 1.000 1.000
THR01A0056_001 0.010 0.010 0.006 0.011 0.012 0.008 0.009 0.010 0.014 0.012 0.011 0.009 0.008 0.015 0.014
THR01A0056_002 0.295 0.240 0.294 0.287 0.253 0.275 0.248 0.268 0.292 0.268 0.249 0.278 0.285 0.268 0.312
THR01A0056_003 0.032 0.025 0.025 0.033 0.027 0.030 0.034 0.031 0.030 0.026 0.034 0.017 0.018 0.030 0.042
THR01A0056_004 0.064 0.047 0.041 0.041 0.056 0.044 0.052 0.047 0.060 0.028 0.054 0.053 0.047 0.062 0.056
THR01A0056_005 0.145 0.153 0.173 0.164 0.121 0.133 0.139 0.111 0.128 0.155 0.156 0.135 0.137 0.143 0.130
THR01A0056_006 0.025 0.026 0.029 0.032 0.021 0.023 0.023 0.026 0.027 0.023 0.021 0.028 0.022 0.033 0.021
THR01A0056_007 0.023 0.024 0.022 0.035 0.039 0.029 0.027 0.028 0.032 0.026 0.026 0.025 0.025 0.032 0.037
THR01A0056_008 0.010 0.005 0.012 0.007 0.012 0.005 0.007 0.005 0.008 0.006 0.006 0.008 0.008 0.004 0.009
THR01A0056_009 0.370 0.454 0.364 0.371 0.439 0.436 0.445 0.454 0.384 0.438 0.415 0.431 0.433 0.390 0.350
THR01A0056_010 0.026 0.016 0.033 0.020 0.021 0.017 0.017 0.020 0.024 0.018 0.029 0.017 0.018 0.024 0.029
THR01A0057_001 0.059 0.057 0.053 0.055 0.053 0.052 0.063 0.061 0.067 0.060 0.049 0.064 0.058 0.053 0.061
THR01A0057_002 0.242 0.225 0.239 0.246 0.259 0.243 0.232 0.237 0.264 0.228 0.220 0.226 0.241 0.238 0.246
THR01A0057_003 0.252 0.306 0.279 0.269 0.261 0.281 0.263 0.276 0.258 0.283 0.308 0.274 0.256 0.281 0.243
THR01A0057_004 0.189 0.177 0.156 0.186 0.172 0.167 0.190 0.200 0.196 0.159 0.189 0.169 0.207 0.163 0.204
THR01A0057_005 0.258 0.234 0.274 0.244 0.255 0.257 0.252 0.226 0.214 0.271 0.235 0.267 0.239 0.264 0.246
VAL01A0058_001 1.000 1.000 1.000 1.000 1.000 1.000 1.000 1.000 1.000 1.000 1.000 1.000 1.000 1.000 1.000
VAL01A0058_002 0.000 0.000 0.000 0.000 0.000 0.000 0.000 0.000 0.000 0.000 0.000 0.000 0.000 0.000 0.000
ARG01A0059_001 0.000 0.000 0.000 0.000 0.000 0.000 0.000 0.000 0.000 0.000 0.000 0.000 0.000 0.000 0.000
ARG01A0059_002 0.000 0.000 0.000 0.000 0.000 0.000 0.000 0.000 0.000 0.000 0.000 0.000 0.000 0.000 0.000
ARG01A0059_003 0.000 0.000 0.000 0.000 0.000 0.000 0.000 0.000 0.000 0.000 0.000 0.000 0.000 0.000 0.000
ARG01A0059_004 0.000 0.000 0.000 0.000 0.000 0.000 0.000 0.000 0.000 0.000 0.000 0.000 0.000 0.000 0.000
ARG+1A0059_005 0.767 0.720 0.740 0.726 0.731 0.804 0.747 0.765 0.713 0.739 0.742 0.737 0.765 0.769 0.722
ARG+1A0059_006 0.036 0.041 0.048 0.047 0.032 0.028 0.040 0.032 0.048 0.026 0.042 0.044 0.033 0.057 0.023
ARG+1A0059_007 0.062 0.071 0.065 0.069 0.081 0.051 0.073 0.055 0.062 0.065 0.066 0.058 0.061 0.044 0.065
ARG+1A0059_008 0.135 0.168 0.148 0.157 0.157 0.118 0.140 0.148 0.177 0.170 0.151 0.161 0.140 0.130 0.190
GLN01A0060_001 0.001 0.000 0.000 0.000 0.000 0.000 0.000 0.000 0.000 0.000 0.000 0.000 0.000 0.000 0.000
GLN01A0060_002 0.999 1.000 1.000 1.000 1.000 1.000 1.000 1.000 1.000 1.000 1.000 1.000 1.000 1.000 1.000
GLU01A0061_001 0.000 0.000 0.000 0.000 0.000 0.000 0.000 0.000 0.000 0.000 0.000 0.000 0.000 0.000 0.000
GLU01A0061_002 0.000 0.000 0.001 0.000 0.000 0.000 0.002 0.001 0.000 0.003 0.001 0.000 0.000 0.000 0.000
GLU01A0061_003 0.000 0.000 0.000 0.000 0.000 0.000 0.000 0.000 0.000 0.000 0.000 0.000 0.000 0.000 0.000
GLU01A0061_004 0.007 0.041 0.012 0.001 0.000 0.002 0.029 0.008 0.002 0.001 0.000 0.004 0.000 0.000 0.000
GLU01A0061_005 0.000 0.000 0.000 0.000 0.000 0.000 0.000 0.000 0.000 0.000 0.000 0.000 0.000 0.000 0.000
GLU02A0061_006 0.000 0.000 0.000 0.000 0.000 0.000 0.000 0.000 0.000 0.000 0.000 0.000 0.000 0.000 0.000
GLU02A0061_007 0.000 0.000 0.000 0.000 0.000 0.000 0.000 0.000 0.000 0.000 0.000 0.000 0.000 0.000 0.000
GLU02A0061_008 0.000 0.000 0.000 0.000 0.000 0.001 0.002 0.001 0.000 0.000 0.001 0.001 0.000 0.000 0.000
GLU02A0061_009 0.001 0.000 0.005 0.003 0.000 0.002 0.000 0.004 0.000 0.001 0.000 0.002 0.000 0.000 0.000
GLU02A0061_010 0.002 0.000 0.001 0.008 0.000 0.003 0.001 0.003 0.000 0.001 0.000 0.000 0.000 0.000 0.000
GLU-1A0061_011 0.989 0.959 0.981 0.987 0.999 0.992 0.967 0.983 0.997 0.993 0.998 0.992 1.000 1.000 1.000
GLU-1A0061_012 0.001 0.000 0.000 0.001 0.000 0.001 0.000 0.000 0.000 0.000 0.000 0.000 0.000 0.000 0.000
PRO01A0063_001 1.000 1.000 1.000 1.000 1.000 1.000 1.000 1.000 1.000 1.000 1.000 1.000 1.000 1.000 1.000
TRP01A0064_001 1.000 1.000 1.000 1.000 1.000 1.000 1.000 1.000 1.000 1.000 1.000 1.000 1.000 1.000 1.000
TRP01A0064_002 0.000 0.000 0.000 0.000 0.000 0.000 0.000 0.000 0.000 0.000 0.000 0.000 0.000 0.000 0.000
ALA01A0065_001 1.000 1.000 1.000 1.000 1.000 1.000 1.000 1.000 1.000 1.000 1.000 1.000 1.000 1.000 1.000
ASP01A0066_001 0.000 0.000 0.000 0.000 0.000 0.000 0.000 0.000 0.000 0.000 0.000 0.000 0.000 0.000 0.000
ASP01A0066_002 0.000 0.000 0.000 0.000 0.002 0.000 0.000 0.000 0.000 0.000 0.000 0.000 0.000 0.000 0.003
ASP01A0066_003 0.000 0.000 0.000 0.000 0.000 0.000 0.000 0.000 0.000 0.000 0.000 0.000 0.000 0.000 0.000
ASP01A0066_004 0.000 0.000 0.000 0.000 0.000 0.000 0.000 0.000 0.000 0.000 0.000 0.000 0.000 0.000 0.000
ASP02A0066_005 0.000 0.000 0.000 0.000 0.000 0.000 0.000 0.000 0.000 0.000 0.000 0.000 0.000 0.000 0.000
ASP02A0066_006 0.000 0.000 0.000 0.000 0.000 0.000 0.000 0.000 0.000 0.000 0.000 0.000 0.000 0.000 0.000
ASP02A0066_007 0.000 0.000 0.000 0.000 0.000 0.000 0.000 0.000 0.000 0.000 0.000 0.000 0.000 0.000 0.000
ASP02A0066_008 0.000 0.000 0.000 0.000 0.000 0.000 0.000 0.000 0.000 0.000 0.000 0.000 0.000 0.000 0.000
ASP02A0066_009 0.000 0.000 0.000 0.000 0.000 0.000 0.000 0.000 0.000 0.000 0.000 0.000 0.000 0.000 0.000
ASP-1A0066_010 0.066 0.051 0.111 0.091 0.086 0.095 0.133 0.073 0.091 0.110 0.108 0.099 0.112 0.065 0.084
ASP-1A0066_011 0.934 0.949 0.889 0.909 0.912 0.905 0.867 0.927 0.909 0.890 0.892 0.901 0.888 0.935 0.913
PRO01A0067_001 1.000 1.000 1.000 1.000 1.000 1.000 1.000 1.000 1.000 1.000 1.000 1.000 1.000 1.000 1.000
ALA01A0068_001 1.000 1.000 1.000 1.000 1.000 1.000 1.000 1.000 1.000 1.000 1.000 1.000 1.000 1.000 1.000
GLN01A0069_001 0.023 0.064 0.025 0.009 0.014 0.010 0.024 0.014 0.004 0.026 0.030 0.019 0.017 0.007 0.010
GLN01A0069_002 0.977 0.936 0.975 0.991 0.986 0.990 0.976 0.986 0.996 0.974 0.970 0.981 0.983 0.993 0.990
ALA01A0070_001 1.000 1.000 1.000 1.000 1.000 1.000 1.000 1.000 1.000 1.000 1.000 1.000 1.000 1.000 1.000
VAL01A0071_001 1.000 1.000 1.000 1.000 1.000 1.000 1.000 1.000 1.000 1.000 1.000 1.000 1.000 1.000 1.000
VAL01A0072_001 1.000 1.000 1.000 1.000 1.000 1.000 1.000 1.000 1.000 1.000 1.000 1.000 1.000 1.000 1.000
GLN01A0073_001 0.060 0.065 0.037 0.078 0.047 0.098 0.075 0.045 0.075 0.062 0.064 0.057 0.062 0.049 0.034
GLN01A0073_002 0.940 0.935 0.963 0.922 0.953 0.902 0.925 0.955 0.925 0.938 0.936 0.943 0.938 0.951 0.966
THR01A0074_001 0.149 0.126 0.141 0.153 0.125 0.135 0.101 0.136 0.138 0.117 0.127 0.129 0.148 0.145 0.111
THR01A0074_002 0.000 0.000 0.000 0.000 0.000 0.000 0.003 0.000 0.000 0.000 0.000 0.000 0.000 0.000 0.000
THR01A0074_003 0.016 0.024 0.015 0.000 0.011 0.031 0.026 0.013 0.015 0.021 0.018 0.031 0.049 0.029 0.000
THR01A0074_004 0.011 0.028 0.026 0.025 0.046 0.041 0.043 0.030 0.025 0.033 0.054 0.022 0.031 0.037 0.052
THR01A0074_005 0.000 0.000 0.000 0.000 0.002 0.000 0.001 0.000 0.000 0.000 0.000 0.000 0.000 0.000 0.000
THR01A0074_006 0.008 0.007 0.017 0.004 0.004 0.006 0.011 0.006 0.006 0.005 0.008 0.007 0.012 0.011 0.005
THR01A0074_007 0.816 0.815 0.801 0.817 0.813 0.786 0.815 0.815 0.816 0.825 0.794 0.810 0.759 0.778 0.831
PRO01A0076_001 1.000 1.000 1.000 1.000 1.000 1.000 1.000 1.000 1.000 1.000 1.000 1.000 1.000 1.000 1.000
ASN01A0077_001 0.087 0.101 0.077 0.091 0.103 0.088 0.085 0.107 0.071 0.105 0.100 0.126 0.078 0.107 0.068
ASN01A0077_002 0.913 0.899 0.923 0.909 0.897 0.912 0.915 0.893 0.929 0.895 0.900 0.874 0.922 0.893 0.932
GLN01A0078_001 0.993 0.924 0.921 0.942 0.836 0.841 0.871 0.926 0.967 0.838 0.856 0.952 0.870 0.900 0.844
GLN01A0078_002 0.000 0.000 0.000 0.000 0.000 0.000 0.000 0.000 0.000 0.000 0.000 0.000 0.000 0.000 0.000
GLN01A0078_003 0.007 0.050 0.058 0.058 0.083 0.066 0.054 0.039 0.033 0.101 0.074 0.035 0.071 0.073 0.053
GLN01A0078_004 0.000 0.026 0.022 0.000 0.082 0.092 0.075 0.035 0.000 0.061 0.070 0.013 0.059 0.026 0.102
GLN01A0078_005 0.000 0.000 0.000 0.000 0.000 0.000 0.000 0.000 0.000 0.000 0.000 0.000 0.000 0.000 0.000
TYR01A0079_001 0.225 0.239 0.251 0.238 0.263 0.229 0.242 0.229 0.232 0.237 0.247 0.239 0.241 0.242 0.239
TYR01A0079_002 0.236 0.236 0.233 0.254 0.230 0.249 0.230 0.225 0.238 0.236 0.221 0.232 0.233 0.228 0.251
TYR01A0079_003 0.245 0.233 0.218 0.231 0.219 0.219 0.230 0.254 0.239 0.223 0.244 0.237 0.236 0.227 0.208
TYR01A0079_004 0.290 0.282 0.292 0.275 0.285 0.301 0.298 0.292 0.287 0.297 0.285 0.287 0.288 0.295 0.297
TYR-1A0079_005 0.003 0.006 0.004 0.000 0.003 0.001 0.000 0.000 0.004 0.004 0.000 0.002 0.001 0.004 0.002
TYR-1A0079_006 0.002 0.004 0.003 0.002 0.000 0.002 0.000 0.000 0.000 0.002 0.002 0.002 0.000 0.003 0.004
THR01A0080_001 0.066 0.061 0.050 0.028 0.042 0.069 0.030 0.047 0.030 0.062 0.042 0.028 0.069 0.064 0.037
THR01A0080_002 0.326 0.314 0.334 0.374 0.343 0.336 0.439 0.339 0.381 0.343 0.374 0.342 0.318 0.311 0.328
THR01A0080_003 0.000 0.000 0.000 0.000 0.000 0.001 0.000 0.000 0.000 0.000 0.000 0.001 0.001 0.000 0.000
THR01A0080_004 0.031 0.030 0.035 0.015 0.027 0.059 0.030 0.027 0.043 0.037 0.032 0.046 0.065 0.037 0.024
THR01A0080_005 0.024 0.023 0.032 0.006 0.016 0.031 0.018 0.023 0.014 0.024 0.022 0.017 0.032 0.039 0.013
THR01A0080_006 0.093 0.092 0.097 0.086 0.110 0.090 0.068 0.078 0.076 0.090 0.102 0.085 0.105 0.094 0.097
THR01A0080_007 0.149 0.143 0.120 0.111 0.153 0.099 0.117 0.114 0.138 0.123 0.121 0.134 0.134 0.137 0.126
THR01A0080_008 0.000 0.000 0.001 0.000 0.000 0.000 0.002 0.000 0.000 0.000 0.000 0.000 0.000 0.000 0.000
THR01A0080_009 0.000 0.000 0.001 0.000 0.000 0.000 0.000 0.000 0.000 0.000 0.000 0.000 0.000 0.000 0.000
THR01A0080_010 0.053 0.048 0.070 0.046 0.055 0.062 0.029 0.030 0.033 0.037 0.037 0.045 0.057 0.079 0.037
THR01A0080_011 0.105 0.113 0.113 0.128 0.088 0.092 0.087 0.120 0.095 0.097 0.117 0.120 0.080 0.090 0.133
THR01A0080_012 0.152 0.176 0.146 0.206 0.166 0.162 0.181 0.221 0.190 0.185 0.152 0.183 0.139 0.148 0.205
THR01A0080_013 0.000 0.000 0.000 0.000 0.000 0.000 0.000 0.000 0.000 0.000 0.000 0.000 0.000 0.000 0.000
THR01A0080_014 0.000 0.000 0.000 0.000 0.000 0.000 0.000 0.000 0.000 0.000 0.000 0.000 0.000 0.000 0.000
VAL01A0081_001 1.000 1.000 1.000 1.000 1.000 1.000 1.000 1.000 1.000 1.000 1.000 1.000 1.000 1.000 1.000
TYR01A0082_001 0.082 0.095 0.071 0.052 0.059 0.097 0.036 0.031 0.050 0.102 0.037 0.060 0.087 0.095 0.043
TYR01A0082_002 0.003 0.003 0.003 0.003 0.003 0.002 0.002 0.001 0.002 0.000 0.003 0.002 0.004 0.002 0.002
TYR01A0082_003 0.027 0.024 0.031 0.019 0.029 0.031 0.013 0.015 0.016 0.034 0.019 0.021 0.027 0.039 0.017
TYR01A0082_004 0.178 0.215 0.148 0.076 0.151 0.205 0.087 0.121 0.114 0.176 0.114 0.134 0.246 0.185 0.121
TYR01A0082_005 0.028 0.031 0.034 0.016 0.020 0.051 0.016 0.023 0.016 0.030 0.025 0.030 0.034 0.036 0.024
TYR-1A0082_006 0.683 0.632 0.714 0.833 0.739 0.615 0.845 0.810 0.802 0.658 0.802 0.753 0.603 0.642 0.792
VAL01A0083_001 0.960 0.968 0.942 0.962 0.972 0.974 0.925 0.978 0.959 0.959 0.972 0.958 0.968 0.947 0.976
VAL01A0083_002 0.040 0.032 0.058 0.038 0.028 0.026 0.075 0.022 0.041 0.041 0.028 0.042 0.032 0.053 0.024
LEU01A0084_001 0.557 0.544 0.538 0.509 0.544 0.557 0.528 0.545 0.576 0.589 0.524 0.549 0.576 0.538 0.594
LEU01A0084_002 0.182 0.196 0.188 0.191 0.204 0.206 0.190 0.203 0.187 0.193 0.210 0.207 0.191 0.201 0.198
LEU01A0084_003 0.261 0.261 0.274 0.300 0.252 0.237 0.282 0.253 0.237 0.219 0.267 0.244 0.233 0.262 0.208
ALA01A0085_001 1.000 1.000 1.000 1.000 1.000 1.000 1.000 1.000 1.000 1.000 1.000 1.000 1.000 1.000 1.000
PHE01A0086_001 1.000 1.000 1.000 1.000 1.000 1.000 1.000 1.000 1.000 1.000 1.000 1.000 1.000 1.000 1.000
ALA01A0087_001 1.000 1.000 1.000 1.000 1.000 1.000 1.000 1.000 1.000 1.000 1.000 1.000 1.000 1.000 1.000
PHE01A0088_001 1.000 1.000 1.000 1.000 1.000 1.000 1.000 1.000 1.000 1.000 1.000 1.000 1.000 1.000 1.000
TYR01A0090_001 0.964 0.939 0.957 0.937 0.964 0.942 0.953 0.917 0.943 0.913 0.942 0.930 0.946 0.910 0.940
TYR01A0090_002 0.000 0.000 0.000 0.000 0.000 0.000 0.000 0.000 0.000 0.000 0.000 0.000 0.000 0.000 0.000
TYR01A0090_003 0.036 0.061 0.043 0.063 0.036 0.058 0.047 0.083 0.057 0.087 0.058 0.070 0.054 0.090 0.060
TYR01A0090_004 0.000 0.000 0.000 0.000 0.000 0.000 0.000 0.000 0.000 0.000 0.000 0.000 0.000 0.000 0.000
TYR-1A0090_005 0.000 0.000 0.000 0.000 0.000 0.000 0.000 0.000 0.000 0.000 0.000 0.000 0.000 0.000 0.000
TYR-1A0090_006 0.000 0.000 0.000 0.000 0.000 0.000 0.000 0.000 0.000 0.000 0.000 0.000 0.000 0.000 0.000
GLN01A0091_001 0.039 0.047 0.047 0.054 0.050 0.049 0.047 0.040 0.053 0.040 0.037 0.053 0.033 0.043 0.051
GLN01A0091_002 0.077 0.097 0.073 0.079 0.080 0.063 0.072 0.068 0.088 0.081 0.089 0.094 0.073 0.089 0.096
GLN01A0091_003 0.592 0.579 0.575 0.586 0.595 0.578 0.590 0.555 0.564 0.549 0.603 0.550 0.622 0.573 0.566
GLN01A0091_004 0.291 0.277 0.305 0.282 0.276 0.311 0.291 0.337 0.294 0.330 0.272 0.304 0.272 0.295 0.288
PRO01A0092_001 1.000 1.000 1.000 1.000 1.000 1.000 1.000 1.000 1.000 1.000 1.000 1.000 1.000 1.000 1.000
ASN01A0093_001 0.001 0.006 0.002 0.002 0.001 0.000 0.005 0.004 0.011 0.000 0.003 0.007 0.000 0.017 0.002
ASN01A0093_002 0.999 0.994 0.998 0.998 0.999 1.000 0.995 0.996 0.989 1.000 0.997 0.993 1.000 0.983 0.998
PRO01A0094_001 1.000 1.000 1.000 1.000 1.000 1.000 1.000 1.000 1.000 1.000 1.000 1.000 1.000 1.000 1.000
ILE01A0095_001 0.080 0.076 0.067 0.123 0.063 0.056 0.071 0.083 0.048 0.101 0.073 0.074 0.083 0.083 0.092
ILE01A0095_002 0.920 0.924 0.933 0.877 0.937 0.944 0.929 0.917 0.952 0.899 0.927 0.926 0.917 0.917 0.908
GLU01A0096_001 0.000 0.000 0.000 0.000 0.000 0.000 0.000 0.000 0.000 0.000 0.000 0.000 0.000 0.000 0.000
GLU01A0096_002 0.000 0.000 0.000 0.000 0.000 0.000 0.000 0.000 0.000 0.000 0.000 0.000 0.000 0.000 0.000
GLU01A0096_003 0.000 0.000 0.000 0.000 0.000 0.000 0.000 0.000 0.000 0.000 0.000 0.000 0.000 0.000 0.000
GLU01A0096_004 0.000 0.000 0.000 0.000 0.000 0.000 0.000 0.000 0.000 0.000 0.000 0.000 0.000 0.000 0.000
GLU01A0096_005 0.000 0.000 0.000 0.000 0.000 0.000 0.000 0.000 0.000 0.000 0.000 0.000 0.000 0.000 0.000
GLU01A0096_006 0.000 0.000 0.000 0.000 0.000 0.000 0.000 0.000 0.000 0.000 0.000 0.000 0.000 0.000 0.000
GLU01A0096_007 0.000 0.000 0.000 0.000 0.000 0.000 0.000 0.000 0.000 0.000 0.000 0.000 0.000 0.000 0.000
GLU02A0096_008 0.000 0.000 0.000 0.000 0.000 0.000 0.000 0.000 0.000 0.000 0.000 0.000 0.000 0.000 0.000
GLU02A0096_009 0.000 0.000 0.000 0.000 0.000 0.000 0.000 0.000 0.000 0.000 0.000 0.000 0.000 0.000 0.000
GLU02A0096_010 0.000 0.000 0.000 0.000 0.000 0.000 0.000 0.000 0.000 0.000 0.000 0.000 0.000 0.000 0.000
GLU02A0096_011 0.000 0.000 0.000 0.000 0.000 0.000 0.000 0.000 0.000 0.000 0.000 0.000 0.000 0.000 0.000
GLU02A0096_012 0.000 0.000 0.000 0.000 0.000 0.000 0.000 0.000 0.000 0.000 0.000 0.000 0.000 0.000 0.000
GLU02A0096_013 0.000 0.000 0.000 0.000 0.000 0.000 0.000 0.000 0.000 0.000 0.000 0.000 0.000 0.000 0.000
GLU-1A0096_014 0.000 0.000 0.000 0.000 0.000 0.000 0.000 0.000 0.000 0.000 0.000 0.000 0.001 0.000 0.000
GLU-1A0096_015 0.000 0.000 0.000 0.000 0.000 0.000 0.000 0.000 0.000 0.000 0.000 0.000 0.001 0.000 0.000
GLU-1A0096_016 1.000 1.000 1.000 1.000 1.000 1.000 1.000 1.000 1.000 1.000 1.000 1.000 0.998 1.000 1.000
VAL01A0097_001 1.000 1.000 1.000 1.000 1.000 1.000 1.000 1.000 1.000 1.000 1.000 1.000 1.000 1.000 1.000
PRO01A0098_001 1.000 1.000 1.000 1.000 1.000 1.000 1.000 1.000 1.000 1.000 1.000 1.000 1.000 1.000 1.000
GLN01A0099_001 1.000 1.000 1.000 1.000 1.000 1.000 1.000 1.000 1.000 1.000 1.000 1.000 1.000 1.000 1.000
ALA01A0101_001 1.000 1.000 1.000 1.000 1.000 1.000 1.000 1.000 1.000 1.000 1.000 1.000 1.000 1.000 1.000
GLU01A0102_001 0.000 0.000 0.000 0.000 0.000 0.000 0.000 0.000 0.000 0.000 0.000 0.000 0.000 0.000 0.000
GLU01A0102_002 0.000 0.000 0.000 0.000 0.000 0.000 0.000 0.000 0.000 0.000 0.000 0.000 0.000 0.000 0.000
GLU01A0102_003 0.000 0.000 0.000 0.000 0.000 0.000 0.000 0.000 0.000 0.000 0.000 0.000 0.000 0.000 0.000
GLU01A0102_004 0.000 0.000 0.000 0.000 0.000 0.000 0.000 0.000 0.000 0.000 0.000 0.000 0.000 0.000 0.000
GLU01A0102_005 0.000 0.000 0.000 0.000 0.000 0.000 0.000 0.000 0.000 0.000 0.000 0.000 0.000 0.000 0.000
GLU01A0102_006 0.000 0.000 0.000 0.000 0.000 0.000 0.000 0.000 0.000 0.000 0.000 0.000 0.000 0.000 0.000
GLU01A0102_007 0.000 0.000 0.000 0.000 0.000 0.000 0.000 0.000 0.000 0.000 0.000 0.001 0.000 0.000 0.000
GLU01A0102_008 0.000 0.000 0.000 0.000 0.000 0.000 0.000 0.000 0.000 0.000 0.000 0.000 0.000 0.000 0.000
GLU01A0102_009 0.000 0.000 0.000 0.000 0.000 0.000 0.000 0.000 0.000 0.000 0.000 0.000 0.000 0.000 0.000
GLU02A0102_010 0.000 0.000 0.000 0.000 0.000 0.000 0.000 0.000 0.000 0.000 0.000 0.000 0.000 0.000 0.000
GLU02A0102_011 0.000 0.000 0.000 0.000 0.000 0.000 0.000 0.000 0.000 0.000 0.000 0.000 0.000 0.000 0.000
GLU02A0102_012 0.000 0.000 0.000 0.000 0.000 0.000 0.000 0.000 0.000 0.000 0.000 0.000 0.000 0.000 0.000
GLU02A0102_013 0.000 0.000 0.000 0.000 0.000 0.000 0.000 0.000 0.000 0.000 0.000 0.000 0.000 0.000 0.000
GLU02A0102_014 0.000 0.000 0.001 0.000 0.000 0.000 0.000 0.000 0.000 0.000 0.000 0.000 0.000 0.000 0.000
GLU02A0102_015 0.000 0.000 0.000 0.000 0.000 0.000 0.000 0.000 0.000 0.000 0.000 0.000 0.000 0.000 0.000
GLU02A0102_016 0.000 0.000 0.000 0.000 0.000 0.000 0.000 0.000 0.000 0.000 0.000 0.000 0.000 0.000 0.000
GLU02A0102_017 0.000 0.000 0.000 0.000 0.000 0.000 0.000 0.000 0.000 0.000 0.000 0.000 0.000 0.000 0.000
GLU02A0102_018 0.000 0.000 0.005 0.000 0.000 0.000 0.000 0.000 0.000 0.000 0.002 0.000 0.000 0.000 0.000
GLU02A0102_019 0.000 0.000 0.000 0.000 0.000 0.000 0.000 0.000 0.000 0.000 0.000 0.000 0.000 0.000 0.000
GLU02A0102_020 0.000 0.000 0.000 0.000 0.000 0.000 0.000 0.000 0.000 0.000 0.000 0.000 0.000 0.000 0.000
GLU-1A0102_021 0.000 0.004 0.006 0.000 0.011 0.008 0.000 0.000 0.003 0.003 0.002 0.006 0.000 0.000 0.000
GLU-1A0102_022 0.000 0.051 0.081 0.045 0.074 0.062 0.100 0.075 0.042 0.083 0.047 0.102 0.078 0.084 0.074
GLU-1A0102_023 0.000 0.107 0.078 0.024 0.185 0.173 0.145 0.105 0.021 0.175 0.162 0.069 0.122 0.119 0.188
GLU-1A0102_024 1.000 0.839 0.830 0.931 0.730 0.758 0.755 0.821 0.933 0.739 0.787 0.823 0.800 0.798 0.738
ILE01A0103_001 1.000 1.000 1.000 1.000 1.000 1.000 1.000 1.000 1.000 1.000 1.000 1.000 1.000 1.000 1.000
VAL01A0104_001 0.997 0.987 1.000 0.987 1.000 0.992 1.000 0.997 0.997 0.999 0.993 0.996 0.999 1.000 1.000
VAL01A0104_002 0.003 0.013 0.000 0.013 0.000 0.008 0.000 0.003 0.003 0.001 0.007 0.004 0.001 0.000 0.000
VAL01A0104_003 0.000 0.000 0.000 0.000 0.000 0.000 0.000 0.000 0.000 0.000 0.000 0.000 0.000 0.000 0.000
PHE01A0105_001 1.000 1.000 1.000 1.000 1.000 1.000 1.000 1.000 1.000 1.000 1.000 1.000 1.000 1.000 1.000
LYS01A0106_001 0.009 0.012 0.020 0.000 0.016 0.011 0.006 0.011 0.016 0.012 0.008 0.032 0.024 0.023 0.012
LYS01A0106_002 0.014 0.010 0.000 0.000 0.000 0.002 0.000 0.001 0.007 0.008 0.002 0.004 0.006 0.012 0.000
LYS01A0106_003 0.143 0.114 0.179 0.109 0.140 0.202 0.106 0.115 0.087 0.132 0.122 0.096 0.177 0.177 0.111
LYS01A0106_004 0.000 0.000 0.000 0.000 0.000 0.002 0.000 0.000 0.000 0.000 0.000 0.002 0.002 0.001 0.000
LYS01A0106_005 0.000 0.000 0.000 0.000 0.000 0.000 0.000 0.000 0.000 0.000 0.000 0.000 0.000 0.000 0.000
LYS01A0106_006 0.009 0.012 0.011 0.000 0.009 0.014 0.007 0.010 0.005 0.007 0.006 0.004 0.022 0.013 0.004
LYS01A0106_007 0.006 0.003 0.003 0.000 0.000 0.001 0.002 0.000 0.000 0.000 0.001 0.000 0.003 0.001 0.000
LYS01A0106_008 0.008 0.010 0.005 0.005 0.010 0.005 0.001 0.003 0.002 0.011 0.003 0.005 0.010 0.006 0.000
LYS01A0106_009 0.034 0.105 0.007 0.006 0.017 0.067 0.007 0.013 0.033 0.071 0.023 0.055 0.053 0.060 0.006
LYS01A0106_010 0.064 0.075 0.039 0.024 0.045 0.058 0.015 0.025 0.028 0.071 0.021 0.021 0.064 0.038 0.048
LYS01A0106_011 0.000 0.000 0.000 0.000 0.000 0.000 0.000 0.000 0.000 0.000 0.000 0.000 0.000 0.000 0.000
LYS01A0106_012 0.011 0.014 0.005 0.015 0.000 0.012 0.004 0.004 0.016 0.024 0.006 0.010 0.022 0.018 0.010
LYS01A0106_013 0.000 0.000 0.000 0.000 0.001 0.001 0.000 0.001 0.000 0.000 0.000 0.000 0.000 0.002 0.000
LYS+1A0106_014 0.000 0.000 0.000 0.000 0.000 0.000 0.000 0.000 0.000 0.000 0.000 0.000 0.000 0.000 0.000
LYS+1A0106_015 0.000 0.000 0.000 0.000 0.003 0.000 0.000 0.000 0.000 0.000 0.000 0.000 0.000 0.000 0.000
LYS+1A0106_016 0.000 0.000 0.000 0.000 0.000 0.000 0.000 0.000 0.000 0.000 0.000 0.000 0.000 0.000 0.000
LYS+1A0106_017 0.000 0.000 0.000 0.000 0.000 0.000 0.000 0.000 0.000 0.000 0.000 0.000 0.000 0.000 0.000
LYS+1A0106_018 0.000 0.000 0.000 0.000 0.000 0.000 0.000 0.000 0.000 0.000 0.000 0.000 0.000 0.000 0.000
LYS+1A0106_019 0.000 0.000 0.000 0.000 0.000 0.000 0.000 0.000 0.000 0.000 0.000 0.000 0.000 0.000 0.000
LYS+1A0106_020 0.000 0.000 0.000 0.000 0.000 0.000 0.000 0.000 0.000 0.000 0.000 0.000 0.000 0.000 0.000
LYS+1A0106_021 0.702 0.638 0.715 0.839 0.761 0.624 0.852 0.809 0.802 0.652 0.797 0.770 0.604 0.640 0.809
LYS+1A0106_022 0.000 0.004 0.015 0.000 0.000 0.000 0.000 0.004 0.004 0.010 0.011 0.001 0.012 0.003 0.000
LYS+1A0106_023 0.000 0.000 0.000 0.000 0.000 0.000 0.000 0.000 0.000 0.000 0.000 0.000 0.000 0.000 0.000
LYS+1A0106_024 0.000 0.000 0.000 0.000 0.000 0.000 0.000 0.000 0.000 0.000 0.000 0.000 0.000 0.000 0.000
LYS+1A0106_025 0.000 0.000 0.002 0.001 0.000 0.000 0.000 0.003 0.000 0.002 0.000 0.001 0.002 0.006 0.000
LYS+1A0106_026 0.000 0.000 0.000 0.000 0.000 0.000 0.000 0.000 0.000 0.000 0.000 0.000 0.000 0.000 0.000
ILE01A0107_001 1.000 1.000 1.000 1.000 1.000 1.000 1.000 1.000 1.000 1.000 1.000 1.000 1.000 1.000 1.000
THR01A0108_001 0.018 0.034 0.039 0.030 0.048 0.042 0.041 0.051 0.040 0.034 0.040 0.035 0.030 0.043 0.028
THR01A0108_002 0.156 0.142 0.197 0.148 0.153 0.146 0.133 0.155 0.165 0.129 0.136 0.129 0.153 0.136 0.141
THR01A0108_003 0.003 0.009 0.009 0.003 0.009 0.009 0.004 0.005 0.005 0.007 0.003 0.002 0.002 0.002 0.006
THR01A0108_004 0.824 0.814 0.755 0.820 0.790 0.803 0.823 0.789 0.790 0.830 0.822 0.834 0.815 0.818 0.826
SER01A0109_001 0.000 0.000 0.000 0.000 0.000 0.000 0.000 0.000 0.000 0.000 0.000 0.000 0.000 0.000 0.000
SER01A0109_002 0.376 0.403 0.374 0.359 0.357 0.371 0.409 0.384 0.351 0.348 0.338 0.321 0.314 0.320 0.284
SER01A0109_003 0.000 0.000 0.000 0.001 0.003 0.005 0.000 0.000 0.001 0.003 0.000 0.001 0.000 0.003 0.000
SER01A0109_004 0.000 0.000 0.000 0.000 0.000 0.000 0.000 0.000 0.000 0.000 0.000 0.000 0.000 0.000 0.000
SER01A0109_005 0.041 0.032 0.036 0.041 0.045 0.031 0.032 0.046 0.056 0.059 0.064 0.086 0.082 0.096 0.083
SER01A0109_006 0.412 0.419 0.478 0.475 0.453 0.449 0.451 0.418 0.406 0.395 0.358 0.344 0.378 0.342 0.391
SER01A0109_007 0.170 0.145 0.110 0.123 0.141 0.143 0.108 0.150 0.187 0.195 0.239 0.247 0.223 0.235 0.242
SER01A0109_008 0.001 0.000 0.000 0.000 0.000 0.001 0.000 0.001 0.000 0.000 0.001 0.000 0.003 0.005 0.000
PRO01A0110_001 1.000 1.000 1.000 1.000 1.000 1.000 1.000 1.000 1.000 1.000 1.000 1.000 1.000 1.000 1.000
ASP01A0111_001 0.000 0.000 0.000 0.000 0.000 0.000 0.000 0.000 0.000 0.000 0.000 0.000 0.000 0.000 0.000
ASP01A0111_002 0.000 0.000 0.000 0.000 0.000 0.000 0.000 0.000 0.000 0.000 0.000 0.000 0.000 0.000 0.000
ASP01A0111_003 0.000 0.000 0.000 0.000 0.000 0.000 0.000 0.000 0.000 0.000 0.000 0.000 0.000 0.000 0.000
ASP01A0111_004 0.000 0.000 0.000 0.000 0.000 0.000 0.000 0.000 0.000 0.000 0.000 0.000 0.000 0.000 0.000
ASP01A0111_005 0.000 0.000 0.000 0.000 0.000 0.000 0.000 0.000 0.000 0.000 0.000 0.000 0.000 0.000 0.000
ASP01A0111_006 0.000 0.000 0.000 0.000 0.000 0.000 0.000 0.000 0.000 0.000 0.000 0.000 0.000 0.000 0.000
ASP02A0111_007 0.000 0.000 0.000 0.000 0.000 0.000 0.000 0.000 0.000 0.000 0.000 0.000 0.000 0.000 0.000
ASP02A0111_008 0.000 0.000 0.000 0.000 0.000 0.000 0.000 0.000 0.000 0.000 0.000 0.000 0.000 0.000 0.000
ASP02A0111_009 0.000 0.000 0.000 0.000 0.000 0.000 0.000 0.000 0.000 0.000 0.000 0.000 0.000 0.000 0.000
ASP02A0111_010 0.000 0.000 0.000 0.000 0.000 0.000 0.000 0.000 0.000 0.000 0.000 0.000 0.000 0.000 0.000
ASP-1A0111_011 0.000 0.000 0.000 0.000 0.000 0.000 0.000 0.000 0.000 0.001 0.000 0.000 0.000 0.000 0.000
ASP-1A0111_012 1.000 1.000 1.000 1.000 1.000 1.000 1.000 1.000 1.000 0.999 1.000 1.000 1.000 1.000 1.000
VAL01A0112_001 1.000 1.000 1.000 1.000 1.000 1.000 1.000 1.000 1.000 1.000 1.000 1.000 1.000 1.000 1.000
ILE01A0113_001 0.000 0.000 0.002 0.004 0.000 0.001 0.000 0.000 0.001 0.000 0.000 0.000 0.000 0.000 0.000
ILE01A0113_002 0.000 0.000 0.000 0.004 0.000 0.000 0.000 0.000 0.002 0.000 0.000 0.000 0.000 0.000 0.000
ILE01A0113_003 1.000 1.000 0.998 0.992 1.000 0.999 1.000 1.000 0.997 1.000 1.000 1.000 1.000 1.000 1.000
PHE01A0116_001 1.000 1.000 1.000 1.000 1.000 1.000 1.000 1.000 1.000 1.000 1.000 1.000 1.000 1.000 1.000
PHE01A0116_002 0.000 0.000 0.000 0.000 0.000 0.000 0.000 0.000 0.000 0.000 0.000 0.000 0.000 0.000 0.000
HIS01A0117_001 0.076 0.082 0.079 0.078 0.058 0.052 0.068 0.065 0.069 0.077 0.097 0.075 0.088 0.094 0.095
HIS01A0117_002 0.593 0.516 0.564 0.456 0.612 0.582 0.606 0.574 0.694 0.690 0.570 0.745 0.680 0.606 0.668
HIS01A0117_003 0.000 0.001 0.001 0.000 0.000 0.000 0.000 0.000 0.000 0.000 0.000 0.000 0.000 0.000 0.000
HIS+1A0117_004 0.303 0.371 0.333 0.435 0.314 0.340 0.305 0.343 0.224 0.221 0.320 0.168 0.222 0.298 0.225
HIS+1A0117_005 0.016 0.012 0.011 0.013 0.009 0.014 0.010 0.006 0.000 0.003 0.003 0.002 0.001 0.000 0.001
HIS+1A0117_006 0.012 0.019 0.012 0.018 0.007 0.012 0.010 0.011 0.013 0.009 0.009 0.010 0.009 0.003 0.010
VAL01A0118_001 1.000 1.000 1.000 1.000 1.000 1.000 1.000 1.000 1.000 1.000 1.000 1.000 1.000 1.000 1.000
GLU01A0119_001 0.000 0.000 0.000 0.000 0.000 0.000 0.000 0.000 0.000 0.000 0.000 0.000 0.000 0.000 0.000
GLU01A0119_002 0.000 0.000 0.000 0.000 0.000 0.000 0.000 0.000 0.000 0.000 0.000 0.000 0.000 0.000 0.000
GLU01A0119_003 0.000 0.000 0.000 0.000 0.000 0.000 0.000 0.000 0.000 0.000 0.000 0.000 0.000 0.000 0.000
GLU01A0119_004 0.000 0.000 0.000 0.000 0.000 0.000 0.000 0.000 0.000 0.000 0.000 0.000 0.000 0.000 0.000
GLU01A0119_005 0.000 0.000 0.000 0.000 0.000 0.000 0.000 0.000 0.000 0.000 0.000 0.000 0.000 0.000 0.000
GLU01A0119_006 0.000 0.000 0.000 0.000 0.000 0.000 0.000 0.000 0.000 0.000 0.000 0.000 0.000 0.000 0.000
GLU01A0119_007 0.000 0.000 0.000 0.000 0.000 0.000 0.000 0.000 0.000 0.000 0.002 0.000 0.000 0.000 0.000
GLU01A0119_008 0.000 0.000 0.000 0.000 0.000 0.000 0.000 0.000 0.000 0.000 0.000 0.000 0.000 0.000 0.000
GLU02A0119_009 0.000 0.000 0.000 0.000 0.000 0.000 0.000 0.000 0.000 0.000 0.000 0.000 0.000 0.000 0.000
GLU02A0119_010 0.000 0.000 0.000 0.000 0.000 0.000 0.000 0.000 0.000 0.000 0.001 0.000 0.000 0.000 0.000
GLU02A0119_011 0.000 0.000 0.000 0.000 0.000 0.000 0.000 0.000 0.000 0.000 0.000 0.000 0.000 0.000 0.000
GLU02A0119_012 0.000 0.000 0.000 0.000 0.000 0.000 0.000 0.000 0.000 0.000 0.000 0.000 0.000 0.000 0.000
GLU02A0119_013 0.000 0.000 0.000 0.000 0.000 0.000 0.000 0.000 0.000 0.000 0.000 0.000 0.000 0.000 0.000
GLU02A0119_014 0.000 0.000 0.000 0.000 0.000 0.000 0.000 0.000 0.000 0.000 0.000 0.000 0.000 0.000 0.000
GLU-1A0119_015 0.043 0.059 0.049 0.041 0.058 0.050 0.050 0.077 0.041 0.035 0.071 0.123 0.075 0.061 0.081
GLU-1A0119_016 0.957 0.941 0.951 0.959 0.942 0.950 0.950 0.923 0.959 0.965 0.927 0.877 0.925 0.939 0.919
GLU-1A0119_017 0.000 0.000 0.000 0.000 0.000 0.000 0.000 0.000 0.000 0.000 0.000 0.000 0.000 0.000 0.000
THR01A0121_001 0.000 0.000 0.000 0.000 0.000 0.000 0.000 0.000 0.000 0.000 0.000 0.000 0.000 0.000 0.000
THR01A0121_002 0.320 0.305 0.265 0.316 0.298 0.301 0.276 0.314 0.341 0.349 0.341 0.360 0.317 0.378 0.300
THR01A0121_003 0.009 0.003 0.008 0.008 0.003 0.002 0.004 0.002 0.003 0.004 0.017 0.002 0.002 0.005 0.004
THR01A0121_004 0.001 0.000 0.001 0.000 0.000 0.000 0.000 0.000 0.000 0.000 0.001 0.000 0.000 0.000 0.000
THR01A0121_005 0.669 0.691 0.726 0.676 0.699 0.697 0.719 0.683 0.657 0.647 0.641 0.638 0.681 0.616 0.696
ASN01A0122_001 0.000 0.000 0.000 0.000 0.000 0.000 0.000 0.000 0.000 0.000 0.000 0.000 0.000 0.000 0.001
ASN01A0122_002 1.000 1.000 1.000 1.000 1.000 1.000 1.000 1.000 1.000 1.000 1.000 1.000 1.000 1.000 0.999
ILE01A0123_001 1.000 1.000 1.000 1.000 1.000 1.000 1.000 1.000 1.000 1.000 1.000 1.000 1.000 1.000 1.000
ASN01A0124_001 0.032 0.037 0.033 0.051 0.020 0.034 0.027 0.035 0.029 0.031 0.046 0.033 0.027 0.038 0.047
ASN01A0124_002 0.357 0.433 0.390 0.478 0.358 0.369 0.356 0.385 0.276 0.276 0.379 0.218 0.291 0.355 0.283
ASN01A0124_003 0.611 0.530 0.576 0.471 0.621 0.597 0.617 0.580 0.695 0.693 0.574 0.749 0.682 0.607 0.670
VAL01A0125_001 0.619 0.596 0.585 0.574 0.612 0.630 0.561 0.604 0.565 0.633 0.601 0.583 0.564 0.571 0.625
VAL01A0125_002 0.000 0.000 0.000 0.000 0.000 0.000 0.000 0.000 0.000 0.000 0.000 0.000 0.000 0.000 0.000
VAL01A0125_003 0.381 0.404 0.415 0.426 0.387 0.370 0.439 0.396 0.435 0.367 0.399 0.417 0.436 0.429 0.375
GLU01A0126_001 0.000 0.000 0.000 0.000 0.000 0.000 0.000 0.000 0.000 0.000 0.000 0.000 0.000 0.000 0.000
GLU01A0126_002 0.000 0.000 0.000 0.000 0.000 0.000 0.000 0.000 0.000 0.000 0.000 0.000 0.000 0.000 0.000
GLU01A0126_003 0.000 0.000 0.000 0.000 0.000 0.000 0.000 0.000 0.000 0.000 0.000 0.000 0.000 0.000 0.000
GLU01A0126_004 0.002 0.000 0.001 0.000 0.000 0.000 0.000 0.000 0.001 0.003 0.002 0.000 0.001 0.000 0.000
GLU01A0126_005 0.000 0.000 0.000 0.000 0.000 0.000 0.000 0.000 0.000 0.000 0.000 0.000 0.000 0.000 0.000
GLU01A0126_006 0.000 0.000 0.000 0.001 0.000 0.000 0.000 0.000 0.000 0.000 0.002 0.001 0.000 0.000 0.000
GLU01A0126_007 0.000 0.000 0.000 0.000 0.000 0.000 0.000 0.000 0.000 0.000 0.000 0.000 0.000 0.000 0.000
GLU01A0126_008 0.000 0.000 0.000 0.000 0.000 0.000 0.000 0.000 0.000 0.000 0.000 0.000 0.000 0.000 0.000
GLU01A0126_009 0.000 0.000 0.000 0.000 0.000 0.000 0.000 0.000 0.000 0.000 0.000 0.000 0.000 0.000 0.000
GLU01A0126_010 0.000 0.000 0.000 0.000 0.000 0.000 0.000 0.000 0.000 0.000 0.000 0.000 0.000 0.000 0.000
GLU01A0126_011 0.000 0.000 0.000 0.000 0.003 0.000 0.000 0.000 0.000 0.000 0.000 0.000 0.000 0.000 0.000
GLU01A0126_012 0.000 0.000 0.000 0.000 0.000 0.000 0.000 0.000 0.000 0.000 0.000 0.000 0.000 0.000 0.000
GLU01A0126_013 0.000 0.000 0.000 0.000 0.000 0.000 0.000 0.000 0.000 0.000 0.000 0.000 0.000 0.000 0.000
GLU01A0126_014 0.000 0.000 0.000 0.000 0.000 0.000 0.000 0.000 0.000 0.000 0.000 0.000 0.000 0.000 0.000
GLU01A0126_015 0.000 0.000 0.000 0.000 0.000 0.000 0.000 0.000 0.000 0.000 0.000 0.000 0.000 0.000 0.000
GLU01A0126_016 0.002 0.000 0.000 0.000 0.000 0.000 0.000 0.000 0.000 0.000 0.000 0.000 0.000 0.001 0.000
GLU01A0126_017 0.000 0.000 0.000 0.000 0.000 0.000 0.000 0.000 0.000 0.000 0.000 0.000 0.000 0.000 0.000
GLU01A0126_018 0.000 0.000 0.000 0.000 0.000 0.000 0.000 0.000 0.000 0.000 0.000 0.000 0.000 0.000 0.000
GLU01A0126_019 0.000 0.004 0.002 0.000 0.000 0.000 0.002 0.000 0.005 0.002 0.000 0.000 0.001 0.003 0.000
GLU02A0126_020 0.000 0.000 0.000 0.000 0.000 0.000 0.000 0.000 0.000 0.000 0.000 0.000 0.000 0.000 0.000
GLU02A0126_021 0.000 0.000 0.000 0.000 0.000 0.000 0.000 0.000 0.000 0.000 0.000 0.000 0.000 0.000 0.000
GLU02A0126_022 0.000 0.000 0.000 0.000 0.000 0.000 0.000 0.000 0.000 0.000 0.000 0.000 0.000 0.000 0.000
GLU02A0126_023 0.000 0.000 0.000 0.000 0.000 0.000 0.000 0.000 0.000 0.000 0.000 0.000 0.000 0.000 0.000
GLU02A0126_024 0.000 0.000 0.000 0.000 0.004 0.000 0.004 0.000 0.007 0.000 0.001 0.000 0.000 0.000 0.004
GLU02A0126_025 0.000 0.000 0.000 0.000 0.000 0.000 0.000 0.000 0.000 0.000 0.000 0.000 0.000 0.000 0.000
GLU02A0126_026 0.000 0.000 0.000 0.000 0.000 0.000 0.000 0.000 0.000 0.000 0.000 0.000 0.000 0.000 0.000
GLU02A0126_027 0.001 0.000 0.000 0.000 0.000 0.000 0.000 0.000 0.000 0.000 0.001 0.000 0.000 0.001 0.000
GLU02A0126_028 0.008 0.000 0.009 0.000 0.006 0.000 0.000 0.000 0.009 0.000 0.004 0.000 0.004 0.003 0.000
GLU02A0126_029 0.000 0.000 0.000 0.000 0.000 0.000 0.000 0.000 0.000 0.000 0.000 0.000 0.000 0.000 0.000
GLU02A0126_030 0.000 0.000 0.001 0.000 0.000 0.000 0.000 0.000 0.001 0.000 0.001 0.000 0.001 0.000 0.002
GLU02A0126_031 0.000 0.000 0.000 0.000 0.000 0.000 0.000 0.000 0.000 0.000 0.000 0.000 0.000 0.000 0.000
GLU02A0126_032 0.000 0.000 0.000 0.000 0.000 0.000 0.000 0.000 0.000 0.000 0.000 0.000 0.000 0.000 0.000
GLU02A0126_033 0.000 0.001 0.000 0.000 0.000 0.000 0.000 0.000 0.000 0.000 0.001 0.000 0.000 0.000 0.000
GLU-1A0126_034 0.000 0.002 0.000 0.000 0.000 0.000 0.000 0.000 0.000 0.002 0.000 0.001 0.000 0.000 0.000
GLU-1A0126_035 0.394 0.370 0.300 0.345 0.293 0.381 0.405 0.469 0.353 0.379 0.372 0.378 0.438 0.470 0.263
GLU-1A0126_036 0.585 0.612 0.686 0.637 0.691 0.612 0.583 0.516 0.613 0.608 0.597 0.618 0.549 0.509 0.732
GLU-1A0126_037 0.000 0.000 0.000 0.000 0.000 0.000 0.000 0.000 0.000 0.000 0.000 0.000 0.000 0.000 0.000
GLU-1A0126_038 0.008 0.008 0.000 0.016 0.004 0.005 0.003 0.015 0.009 0.003 0.018 0.000 0.003 0.011 0.000
GLU-1A0126_039 0.000 0.000 0.000 0.000 0.000 0.000 0.000 0.000 0.000 0.000 0.000 0.000 0.000 0.000 0.000
GLU-1A0126_040 0.000 0.002 0.001 0.000 0.000 0.000 0.001 0.000 0.001 0.002 0.000 0.001 0.002 0.002 0.000
VAL01A0127_001 1.000 1.000 1.000 1.000 1.000 1.000 1.000 1.000 1.000 1.000 1.000 1.000 1.000 1.000 1.000
LEU01A0128_001 0.252 0.259 0.237 0.251 0.213 0.274 0.240 0.242 0.224 0.247 0.241 0.272 0.187 0.231 0.211
LEU01A0128_002 0.042 0.076 0.067 0.075 0.050 0.050 0.060 0.059 0.066 0.069 0.073 0.075 0.066 0.063 0.059
LEU01A0128_003 0.022 0.008 0.031 0.026 0.012 0.041 0.020 0.050 0.022 0.029 0.033 0.028 0.015 0.047 0.016
LEU01A0128_004 0.683 0.657 0.664 0.648 0.725 0.635 0.679 0.650 0.689 0.655 0.653 0.626 0.733 0.659 0.714
PRO01A0129_001 1.000 1.000 1.000 1.000 1.000 1.000 1.000 1.000 1.000 1.000 1.000 1.000 1.000 1.000 1.000
GLU01A0131_001 0.000 0.000 0.000 0.000 0.000 0.000 0.000 0.000 0.000 0.000 0.000 0.000 0.000 0.000 0.000
GLU01A0131_002 0.002 0.003 0.001 0.002 0.000 0.008 0.002 0.002 0.001 0.001 0.009 0.000 0.001 0.004 0.000
GLU01A0131_003 0.000 0.000 0.000 0.000 0.001 0.000 0.000 0.000 0.000 0.000 0.000 0.000 0.000 0.000 0.000
GLU01A0131_004 0.000 0.000 0.000 0.000 0.000 0.000 0.000 0.000 0.000 0.000 0.000 0.000 0.000 0.000 0.000
GLU01A0131_005 0.000 0.000 0.000 0.000 0.001 0.002 0.001 0.002 0.000 0.000 0.000 0.002 0.000 0.001 0.000
GLU01A0131_006 0.000 0.000 0.000 0.000 0.000 0.000 0.000 0.000 0.000 0.000 0.000 0.000 0.000 0.000 0.000
GLU01A0131_007 0.005 0.000 0.007 0.003 0.006 0.004 0.004 0.003 0.000 0.000 0.004 0.000 0.002 0.004 0.001
GLU01A0131_008 0.000 0.000 0.000 0.000 0.000 0.005 0.002 0.000 0.002 0.002 0.000 0.000 0.000 0.004 0.000
GLU01A0131_009 0.000 0.000 0.000 0.000 0.000 0.000 0.000 0.000 0.000 0.000 0.000 0.000 0.000 0.000 0.000
GLU01A0131_010 0.000 0.000 0.000 0.000 0.000 0.001 0.001 0.000 0.000 0.001 0.000 0.000 0.000 0.000 0.000
GLU01A0131_011 0.000 0.000 0.000 0.000 0.000 0.000 0.000 0.000 0.000 0.000 0.000 0.000 0.000 0.000 0.000
GLU02A0131_012 0.000 0.000 0.000 0.000 0.000 0.000 0.000 0.000 0.000 0.000 0.000 0.000 0.000 0.000 0.000
GLU02A0131_013 0.000 0.000 0.000 0.000 0.000 0.000 0.000 0.000 0.000 0.000 0.000 0.000 0.000 0.000 0.000
GLU02A0131_014 0.000 0.000 0.000 0.000 0.000 0.000 0.000 0.000 0.000 0.000 0.000 0.000 0.000 0.000 0.000
GLU02A0131_015 0.001 0.000 0.000 0.000 0.000 0.001 0.000 0.000 0.000 0.004 0.000 0.000 0.000 0.000 0.000
GLU02A0131_016 0.000 0.000 0.000 0.000 0.000 0.004 0.000 0.000 0.000 0.000 0.002 0.000 0.000 0.000 0.000
GLU02A0131_017 0.000 0.000 0.000 0.000 0.000 0.000 0.000 0.000 0.000 0.000 0.000 0.000 0.000 0.000 0.000
GLU02A0131_018 0.000 0.000 0.001 0.002 0.002 0.005 0.001 0.001 0.000 0.000 0.000 0.000 0.000 0.002 0.000
GLU02A0131_019 0.000 0.000 0.000 0.001 0.000 0.001 0.000 0.000 0.000 0.000 0.000 0.000 0.000 0.000 0.000
GLU02A0131_020 0.000 0.000 0.000 0.000 0.000 0.000 0.000 0.000 0.000 0.000 0.000 0.000 0.000 0.000 0.000
GLU02A0131_021 0.000 0.000 0.000 0.000 0.000 0.000 0.000 0.000 0.000 0.000 0.000 0.000 0.000 0.000 0.000
GLU02A0131_022 0.000 0.000 0.000 0.000 0.000 0.000 0.000 0.000 0.000 0.000 0.000 0.000 0.000 0.000 0.000
GLU02A0131_023 0.002 0.000 0.001 0.004 0.004 0.005 0.002 0.009 0.000 0.005 0.003 0.000 0.000 0.004 0.003
GLU-1A0131_024 0.000 0.000 0.000 0.000 0.000 0.000 0.000 0.000 0.000 0.000 0.000 0.000 0.000 0.000 0.000
GLU-1A0131_025 0.003 0.000 0.003 0.005 0.006 0.003 0.005 0.019 0.006 0.006 0.011 0.000 0.000 0.002 0.002
GLU-1A0131_026 0.137 0.173 0.147 0.218 0.142 0.183 0.178 0.149 0.185 0.221 0.207 0.213 0.181 0.133 0.199
GLU-1A0131_027 0.040 0.023 0.055 0.045 0.027 0.070 0.044 0.075 0.050 0.057 0.056 0.057 0.038 0.061 0.035
GLU-1A0131_028 0.809 0.801 0.785 0.720 0.811 0.708 0.760 0.739 0.756 0.701 0.709 0.727 0.777 0.785 0.760
VAL01A0132_001 1.000 1.000 1.000 1.000 1.000 1.000 1.000 1.000 1.000 1.000 1.000 1.000 1.000 1.000 1.000
SER01A0133_001 0.011 0.023 0.013 0.015 0.020 0.015 0.014 0.021 0.025 0.017 0.020 0.031 0.019 0.024 0.016
SER01A0133_002 0.018 0.023 0.037 0.027 0.020 0.027 0.027 0.035 0.022 0.029 0.024 0.029 0.029 0.019 0.022
SER01A0133_003 0.022 0.027 0.022 0.028 0.035 0.023 0.028 0.028 0.019 0.019 0.019 0.030 0.023 0.014 0.025
SER01A0133_004 0.005 0.002 0.008 0.004 0.004 0.006 0.005 0.004 0.003 0.004 0.006 0.004 0.005 0.003 0.005
SER01A0133_005 0.000 0.000 0.000 0.000 0.000 0.000 0.000 0.000 0.000 0.000 0.000 0.000 0.000 0.000 0.000
SER01A0133_006 0.002 0.006 0.009 0.008 0.009 0.006 0.005 0.004 0.002 0.006 0.004 0.004 0.007 0.007 0.007
SER01A0133_007 0.024 0.026 0.034 0.022 0.033 0.021 0.023 0.035 0.031 0.028 0.026 0.020 0.024 0.024 0.024
SER01A0133_008 0.216 0.217 0.213 0.209 0.231 0.215 0.231 0.248 0.209 0.261 0.255 0.253 0.253 0.264 0.290
SER01A0133_009 0.178 0.110 0.143 0.123 0.122 0.164 0.150 0.132 0.125 0.116 0.112 0.122 0.121 0.137 0.121
SER01A0133_010 0.015 0.013 0.020 0.017 0.020 0.013 0.016 0.008 0.012 0.013 0.014 0.009 0.005 0.012 0.007
SER01A0133_011 0.000 0.000 0.000 0.000 0.000 0.000 0.000 0.000 0.000 0.000 0.000 0.000 0.000 0.000 0.000
SER01A0133_012 0.006 0.002 0.003 0.005 0.003 0.007 0.006 0.004 0.003 0.008 0.010 0.006 0.004 0.005 0.004
SER01A0133_013 0.045 0.070 0.069 0.053 0.054 0.055 0.061 0.049 0.078 0.062 0.063 0.057 0.054 0.049 0.044
SER01A0133_014 0.457 0.480 0.430 0.488 0.448 0.446 0.435 0.431 0.470 0.436 0.446 0.435 0.457 0.441 0.435
THR01A0134_001 0.028 0.034 0.048 0.021 0.034 0.038 0.016 0.014 0.026 0.025 0.029 0.032 0.049 0.038 0.027
THR01A0134_002 0.163 0.189 0.200 0.229 0.204 0.220 0.170 0.188 0.207 0.197 0.219 0.198 0.192 0.201 0.234
THR01A0134_003 0.000 0.000 0.000 0.000 0.000 0.001 0.001 0.000 0.000 0.000 0.000 0.000 0.004 0.000 0.000
THR01A0134_004 0.003 0.011 0.010 0.000 0.011 0.015 0.016 0.007 0.003 0.010 0.007 0.006 0.020 0.016 0.007
THR01A0134_005 0.000 0.000 0.003 0.000 0.001 0.000 0.001 0.002 0.001 0.000 0.000 0.005 0.004 0.004 0.000
THR01A0134_006 0.078 0.118 0.132 0.104 0.156 0.133 0.147 0.111 0.098 0.155 0.107 0.101 0.150 0.122 0.108
THR01A0134_007 0.670 0.608 0.537 0.599 0.537 0.529 0.616 0.624 0.624 0.563 0.587 0.601 0.516 0.541 0.581
THR01A0134_008 0.000 0.000 0.000 0.000 0.000 0.000 0.000 0.000 0.000 0.000 0.000 0.000 0.000 0.000 0.000
THR01A0134_009 0.000 0.000 0.000 0.000 0.000 0.000 0.000 0.000 0.000 0.000 0.000 0.000 0.000 0.000 0.000
THR01A0134_010 0.058 0.040 0.069 0.046 0.058 0.064 0.033 0.054 0.041 0.050 0.051 0.058 0.064 0.079 0.044
THR01A0134_011 0.000 0.000 0.000 0.000 0.000 0.000 0.000 0.000 0.000 0.000 0.000 0.000 0.000 0.000 0.000
VAL01A0135_001 0.000 0.000 0.000 0.000 0.000 0.000 0.000 0.000 0.000 0.000 0.000 0.000 0.000 0.000 0.000
VAL01A0135_002 0.006 0.008 0.006 0.008 0.004 0.005 0.006 0.006 0.003 0.005 0.005 0.003 0.002 0.015 0.004
VAL01A0135_003 0.339 0.302 0.310 0.304 0.344 0.378 0.317 0.305 0.280 0.331 0.322 0.306 0.279 0.299 0.338
VAL01A0135_004 0.655 0.690 0.685 0.689 0.652 0.616 0.678 0.688 0.717 0.664 0.673 0.691 0.719 0.686 0.659
ARG01A0136_001 0.000 0.000 0.000 0.000 0.000 0.000 0.000 0.000 0.000 0.000 0.000 0.000 0.000 0.000 0.000
ARG01A0136_002 0.000 0.000 0.000 0.000 0.000 0.000 0.000 0.000 0.000 0.000 0.000 0.000 0.000 0.000 0.000
ARG01A0136_003 0.000 0.000 0.000 0.000 0.000 0.000 0.000 0.000 0.000 0.000 0.000 0.000 0.000 0.000 0.000
ARG01A0136_004 0.000 0.000 0.000 0.000 0.000 0.000 0.000 0.000 0.000 0.000 0.000 0.000 0.000 0.000 0.000
ARG01A0136_005 0.000 0.000 0.000 0.000 0.000 0.000 0.000 0.000 0.000 0.000 0.000 0.000 0.000 0.000 0.000
ARG01A0136_006 0.000 0.000 0.000 0.000 0.000 0.000 0.000 0.000 0.000 0.000 0.000 0.000 0.000 0.000 0.000
ARG01A0136_007 0.000 0.000 0.000 0.000 0.000 0.000 0.000 0.000 0.000 0.000 0.000 0.000 0.000 0.000 0.000
ARG01A0136_008 0.000 0.000 0.000 0.000 0.000 0.000 0.000 0.000 0.000 0.000 0.000 0.000 0.000 0.000 0.000
ARG01A0136_009 0.000 0.000 0.000 0.000 0.000 0.000 0.000 0.000 0.000 0.000 0.000 0.000 0.000 0.000 0.000
ARG+1A0136_010 0.000 0.000 0.000 0.000 0.000 0.000 0.000 0.000 0.000 0.001 0.000 0.000 0.000 0.000 0.000
ARG+1A0136_011 0.111 0.128 0.211 0.173 0.129 0.153 0.158 0.139 0.138 0.120 0.122 0.187 0.193 0.193 0.126
ARG+1A0136_012 0.048 0.072 0.064 0.058 0.067 0.058 0.050 0.056 0.068 0.058 0.038 0.041 0.045 0.058 0.046
ARG+1A0136_013 0.000 0.005 0.000 0.000 0.007 0.003 0.005 0.000 0.000 0.018 0.009 0.000 0.011 0.004 0.006
ARG+1A0136_014 0.000 0.000 0.000 0.000 0.001 0.001 0.000 0.000 0.000 0.000 0.001 0.001 0.000 0.000 0.000
ARG+1A0136_015 0.003 0.007 0.010 0.007 0.011 0.015 0.003 0.009 0.005 0.010 0.008 0.005 0.010 0.010 0.000
ARG+1A0136_016 0.838 0.740 0.690 0.762 0.670 0.654 0.693 0.744 0.789 0.688 0.735 0.749 0.668 0.681 0.686
ARG+1A0136_017 0.000 0.047 0.025 0.000 0.110 0.114 0.090 0.051 0.000 0.102 0.086 0.016 0.070 0.052 0.131
ARG+1A0136_018 0.000 0.000 0.000 0.000 0.005 0.001 0.001 0.000 0.000 0.003 0.001 0.000 0.003 0.001 0.005
TYR01A0137_001 0.123 0.106 0.122 0.105 0.115 0.113 0.105 0.110 0.118 0.112 0.116 0.112 0.114 0.129 0.107
TYR01A0137_002 0.264 0.264 0.272 0.265 0.253 0.276 0.253 0.277 0.272 0.266 0.242 0.277 0.251 0.246 0.288
TYR01A0137_003 0.170 0.182 0.178 0.183 0.180 0.185 0.193 0.169 0.175 0.185 0.187 0.169 0.177 0.171 0.179
TYR01A0137_004 0.179 0.186 0.175 0.186 0.176 0.176 0.175 0.160 0.190 0.163 0.183 0.166 0.172 0.181 0.177
TYR-1A0137_005 0.265 0.263 0.253 0.262 0.276 0.250 0.274 0.285 0.245 0.274 0.271 0.276 0.286 0.272 0.248
THR01A0138_001 0.420 0.405 0.378 0.371 0.365 0.353 0.389 0.400 0.426 0.335 0.383 0.362 0.372 0.366 0.369
THR01A0138_002 0.221 0.241 0.249 0.233 0.268 0.299 0.270 0.254 0.231 0.299 0.279 0.265 0.268 0.243 0.300
THR01A0138_003 0.120 0.108 0.108 0.122 0.127 0.141 0.118 0.124 0.113 0.113 0.121 0.115 0.123 0.135 0.102
THR01A0138_004 0.186 0.179 0.188 0.200 0.162 0.143 0.160 0.148 0.177 0.178 0.150 0.179 0.169 0.172 0.160
THR01A0138_005 0.053 0.068 0.077 0.074 0.077 0.063 0.063 0.075 0.052 0.076 0.067 0.079 0.067 0.084 0.069
PHE01A0139_001 1.000 1.000 1.000 1.000 1.000 1.000 1.000 1.000 1.000 1.000 1.000 1.000 1.000 1.000 1.000
LYS01A0140_001 0.000 0.000 0.000 0.000 0.000 0.000 0.000 0.000 0.000 0.000 0.000 0.000 0.000 0.000 0.000
LYS01A0140_002 0.000 0.000 0.001 0.000 0.000 0.000 0.000 0.000 0.000 0.000 0.000 0.000 0.000 0.000 0.000
LYS+1A0140_003 0.607 0.689 0.655 0.623 0.650 0.702 0.575 0.623 0.639 0.635 0.647 0.646 0.641 0.622 0.622
LYS+1A0140_004 0.392 0.311 0.344 0.377 0.350 0.298 0.425 0.377 0.360 0.365 0.353 0.354 0.359 0.378 0.378
ARG01A0141_001 0.000 0.000 0.000 0.000 0.000 0.000 0.000 0.000 0.000 0.000 0.000 0.000 0.000 0.000 0.000
ARG01A0141_002 0.000 0.000 0.000 0.000 0.000 0.000 0.000 0.000 0.000 0.000 0.000 0.000 0.000 0.000 0.000
ARG+1A0141_003 0.000 0.000 0.000 0.000 0.000 0.000 0.000 0.000 0.000 0.000 0.000 0.000 0.000 0.000 0.000
ARG+1A0141_004 1.000 1.000 1.000 1.000 1.000 1.000 1.000 1.000 1.000 1.000 1.000 1.000 1.000 1.000 1.000
PRO01A0142_001 1.000 1.000 1.000 1.000 1.000 1.000 1.000 1.000 1.000 1.000 1.000 1.000 1.000 1.000 1.000
GLU01A0144_001 0.000 0.000 0.000 0.000 0.000 0.000 0.000 0.000 0.000 0.000 0.000 0.000 0.000 0.000 0.000
GLU01A0144_002 0.000 0.000 0.000 0.000 0.000 0.000 0.000 0.000 0.000 0.000 0.000 0.000 0.000 0.000 0.000
GLU01A0144_003 0.000 0.000 0.000 0.000 0.000 0.000 0.000 0.000 0.000 0.000 0.006 0.000 0.000 0.000 0.000
GLU01A0144_004 0.000 0.000 0.000 0.000 0.000 0.000 0.000 0.000 0.000 0.000 0.000 0.000 0.000 0.000 0.000
GLU01A0144_005 0.000 0.000 0.000 0.000 0.000 0.000 0.000 0.000 0.000 0.000 0.000 0.000 0.000 0.000 0.000
GLU02A0144_006 0.000 0.000 0.000 0.000 0.000 0.000 0.000 0.000 0.000 0.000 0.000 0.000 0.000 0.002 0.000
GLU02A0144_007 0.000 0.000 0.000 0.000 0.000 0.000 0.000 0.000 0.000 0.000 0.000 0.000 0.000 0.000 0.000
GLU02A0144_008 0.000 0.000 0.000 0.000 0.000 0.000 0.000 0.000 0.000 0.000 0.000 0.000 0.000 0.000 0.000
GLU02A0144_009 0.000 0.000 0.000 0.000 0.000 0.000 0.000 0.000 0.000 0.000 0.000 0.000 0.000 0.000 0.000
GLU02A0144_010 0.000 0.000 0.000 0.000 0.000 0.000 0.000 0.000 0.000 0.000 0.000 0.000 0.000 0.000 0.000
GLU-1A0144_011 0.000 0.000 0.000 0.000 0.000 0.000 0.000 0.000 0.000 0.000 0.000 0.000 0.000 0.000 0.000
GLU-1A0144_012 1.000 1.000 1.000 1.000 1.000 1.000 1.000 1.000 1.000 1.000 0.994 1.000 1.000 0.998 1.000
TYR01A0145_001 0.040 0.030 0.027 0.035 0.030 0.061 0.026 0.039 0.038 0.040 0.027 0.051 0.047 0.024 0.026
TYR01A0145_002 0.000 0.000 0.000 0.000 0.000 0.000 0.000 0.000 0.000 0.000 0.000 0.000 0.000 0.000 0.000
TYR01A0145_003 0.222 0.196 0.202 0.212 0.216 0.211 0.171 0.217 0.235 0.219 0.169 0.224 0.168 0.188 0.168
TYR01A0145_004 0.735 0.772 0.767 0.745 0.752 0.725 0.800 0.736 0.722 0.735 0.796 0.718 0.778 0.786 0.804
TYR-1A0145_005 0.003 0.002 0.004 0.008 0.002 0.003 0.003 0.007 0.005 0.006 0.008 0.007 0.007 0.002 0.001
ARG01A0146_001 0.000 0.000 0.000 0.000 0.000 0.000 0.000 0.000 0.000 0.000 0.000 0.000 0.000 0.000 0.000
ARG01A0146_002 0.000 0.000 0.000 0.000 0.000 0.000 0.000 0.000 0.000 0.000 0.000 0.000 0.000 0.000 0.000
ARG01A0146_003 0.000 0.000 0.000 0.000 0.000 0.000 0.000 0.000 0.000 0.000 0.000 0.000 0.000 0.000 0.000
ARG01A0146_004 0.000 0.000 0.000 0.000 0.000 0.000 0.000 0.000 0.000 0.000 0.000 0.000 0.000 0.000 0.000
ARG01A0146_005 0.000 0.000 0.000 0.000 0.000 0.000 0.000 0.000 0.000 0.000 0.000 0.000 0.000 0.000 0.000
ARG+1A0146_006 0.014 0.021 0.015 0.016 0.024 0.020 0.018 0.016 0.028 0.014 0.027 0.019 0.024 0.024 0.026
ARG+1A0146_007 0.052 0.043 0.043 0.041 0.054 0.040 0.028 0.045 0.034 0.042 0.045 0.038 0.048 0.044 0.048
ARG+1A0146_008 0.745 0.794 0.748 0.748 0.717 0.784 0.772 0.743 0.753 0.739 0.727 0.728 0.704 0.740 0.703
ARG+1A0146_009 0.095 0.077 0.110 0.129 0.117 0.084 0.100 0.101 0.108 0.114 0.109 0.126 0.134 0.105 0.157
ARG+1A0146_010 0.094 0.065 0.084 0.065 0.087 0.073 0.082 0.095 0.077 0.091 0.091 0.089 0.089 0.087 0.066
ILE01A0147_001 1.000 1.000 1.000 1.000 1.000 1.000 1.000 1.000 1.000 1.000 1.000 1.000 1.000 1.000 1.000
ILE01A0148_001 0.764 0.787 0.778 0.736 0.794 0.793 0.789 0.783 0.804 0.798 0.803 0.745 0.761 0.745 0.788
ILE01A0148_002 0.000 0.000 0.000 0.000 0.000 0.000 0.000 0.000 0.000 0.000 0.000 0.000 0.000 0.000 0.000
ILE01A0148_003 0.000 0.000 0.000 0.000 0.000 0.000 0.000 0.000 0.000 0.000 0.000 0.000 0.000 0.000 0.000
ILE01A0148_004 0.220 0.192 0.212 0.244 0.201 0.191 0.201 0.208 0.185 0.194 0.180 0.244 0.226 0.236 0.204
ILE01A0148_005 0.017 0.020 0.011 0.020 0.005 0.015 0.010 0.010 0.011 0.008 0.017 0.011 0.013 0.018 0.008
ASN01A0150_001 0.014 0.014 0.012 0.017 0.019 0.007 0.014 0.015 0.016 0.021 0.019 0.015 0.015 0.018 0.015
ASN01A0150_002 0.280 0.358 0.307 0.382 0.264 0.302 0.285 0.300 0.220 0.222 0.347 0.191 0.257 0.326 0.267
ASN01A0150_003 0.554 0.516 0.555 0.440 0.612 0.565 0.576 0.570 0.663 0.639 0.532 0.635 0.603 0.511 0.606
ASN01A0150_004 0.030 0.031 0.023 0.037 0.027 0.022 0.028 0.026 0.028 0.031 0.028 0.041 0.047 0.044 0.035
ASN01A0150_005 0.122 0.081 0.103 0.124 0.079 0.104 0.097 0.089 0.074 0.087 0.074 0.117 0.078 0.101 0.078
GLN01A0151_001 0.532 0.545 0.610 0.578 0.581 0.552 0.548 0.478 0.532 0.506 0.484 0.495 0.459 0.406 0.533
GLN01A0151_002 0.021 0.024 0.017 0.021 0.022 0.022 0.022 0.023 0.024 0.020 0.026 0.022 0.018 0.032 0.018
GLN01A0151_003 0.298 0.267 0.212 0.257 0.216 0.292 0.291 0.370 0.262 0.292 0.293 0.294 0.355 0.370 0.205
GLN01A0151_004 0.000 0.000 0.000 0.000 0.000 0.000 0.000 0.000 0.001 0.000 0.000 0.000 0.000 0.000 0.000
GLN01A0151_005 0.149 0.165 0.161 0.144 0.181 0.134 0.140 0.129 0.182 0.182 0.197 0.189 0.168 0.192 0.244
TYR01A0152_001 0.411 0.370 0.410 0.400 0.399 0.371 0.374 0.369 0.376 0.367 0.347 0.400 0.368 0.381 0.363
TYR01A0152_002 0.556 0.593 0.561 0.569 0.575 0.586 0.585 0.571 0.551 0.548 0.560 0.505 0.546 0.524 0.545
TYR-1A0152_003 0.034 0.037 0.030 0.031 0.026 0.043 0.041 0.061 0.073 0.085 0.093 0.096 0.086 0.095 0.093
LEU01A0155_001 1.000 1.000 1.000 1.000 1.000 1.000 1.000 1.000 1.000 1.000 1.000 1.000 1.000 1.000 1.000
GLN01A0158_001 1.000 1.000 1.000 1.000 1.000 1.000 1.000 1.000 1.000 1.000 1.000 1.000 1.000 1.000 1.000
ASN01A0159_001 1.000 1.000 1.000 1.000 1.000 1.000 1.000 1.000 1.000 1.000 1.000 1.000 1.000 1.000 1.000
MET01A0160_001 1.000 1.000 1.000 1.000 1.000 1.000 1.000 1.000 1.000 0.997 1.000 1.000 1.000 1.000 1.000
MET01A0160_002 0.000 0.000 0.000 0.000 0.000 0.000 0.000 0.000 0.000 0.003 0.000 0.000 0.000 0.000 0.000
PHE01A0161_001 1.000 1.000 1.000 1.000 1.000 1.000 1.000 1.000 1.000 1.000 1.000 1.000 1.000 1.000 1.000
PHE01A0161_002 0.000 0.000 0.000 0.000 0.000 0.000 0.000 0.000 0.000 0.000 0.000 0.000 0.000 0.000 0.000
PHE01A0161_003 0.000 0.000 0.000 0.000 0.000 0.000 0.000 0.000 0.000 0.000 0.000 0.000 0.000 0.000 0.000
THR01A0163_001 0.097 0.074 0.081 0.066 0.083 0.060 0.083 0.100 0.081 0.071 0.085 0.055 0.057 0.077 0.076
THR01A0163_002 0.000 0.002 0.001 0.001 0.000 0.000 0.000 0.000 0.002 0.001 0.000 0.002 0.000 0.000 0.000
THR01A0163_003 0.000 0.000 0.001 0.000 0.003 0.000 0.000 0.000 0.000 0.002 0.000 0.000 0.000 0.000 0.001
THR01A0163_004 0.000 0.000 0.000 0.000 0.000 0.000 0.000 0.000 0.000 0.000 0.000 0.000 0.000 0.000 0.000
THR01A0163_005 0.470 0.471 0.447 0.443 0.506 0.478 0.502 0.448 0.465 0.470 0.491 0.483 0.462 0.435 0.460
THR01A0163_006 0.311 0.331 0.342 0.364 0.296 0.354 0.292 0.325 0.337 0.335 0.301 0.323 0.342 0.352 0.293
THR01A0163_007 0.088 0.087 0.090 0.092 0.094 0.075 0.093 0.110 0.081 0.087 0.096 0.095 0.105 0.094 0.135
THR01A0163_008 0.009 0.009 0.009 0.012 0.005 0.007 0.007 0.000 0.011 0.009 0.005 0.007 0.007 0.011 0.006
THR01A0163_009 0.024 0.025 0.029 0.022 0.013 0.026 0.022 0.016 0.022 0.025 0.021 0.034 0.027 0.030 0.029
THR01A0163_010 0.000 0.000 0.001 0.000 0.000 0.000 0.000 0.001 0.000 0.000 0.001 0.000 0.000 0.000 0.001
THR01A0163_011 0.000 0.000 0.000 0.000 0.000 0.000 0.000 0.000 0.000 0.000 0.000 0.000 0.000 0.000 0.000
THR01A0163_012 0.000 0.000 0.000 0.000 0.000 0.000 0.000 0.000 0.000 0.000 0.000 0.000 0.000 0.000 0.000
THR01A0163_013 0.000 0.000 0.000 0.000 0.000 0.000 0.000 0.000 0.000 0.000 0.000 0.000 0.000 0.000 0.000
ILE01A0164_001 1.000 1.000 1.000 1.000 1.000 1.000 1.000 1.000 1.000 1.000 1.000 1.000 1.000 1.000 1.000
VAL01A0165_001 1.000 1.000 1.000 1.000 1.000 1.000 1.000 1.000 1.000 1.000 1.000 1.000 1.000 1.000 1.000
VAL01A0166_001 1.000 1.000 1.000 1.000 1.000 1.000 1.000 1.000 1.000 1.000 1.000 1.000 1.000 1.000 1.000
LYS01A0167_001 0.000 0.000 0.000 0.000 0.000 0.000 0.000 0.000 0.000 0.000 0.000 0.000 0.000 0.000 0.000
LYS01A0167_002 0.003 0.000 0.002 0.000 0.004 0.012 0.000 0.000 0.000 0.002 0.003 0.006 0.000 0.002 0.000
LYS01A0167_003 0.000 0.000 0.000 0.000 0.001 0.000 0.000 0.000 0.000 0.000 0.000 0.000 0.000 0.000 0.000
LYS+1A0167_004 0.111 0.084 0.103 0.102 0.096 0.131 0.112 0.110 0.049 0.092 0.107 0.113 0.107 0.097 0.085
LYS+1A0167_005 0.876 0.904 0.891 0.887 0.889 0.848 0.879 0.878 0.949 0.896 0.886 0.863 0.871 0.896 0.904
LYS+1A0167_006 0.010 0.011 0.004 0.011 0.010 0.009 0.009 0.012 0.002 0.009 0.004 0.018 0.022 0.005 0.011
GLU01A0168_001 0.000 0.000 0.000 0.000 0.000 0.000 0.000 0.000 0.000 0.000 0.000 0.000 0.000 0.000 0.000
GLU01A0168_002 0.000 0.000 0.000 0.000 0.000 0.000 0.000 0.000 0.000 0.000 0.000 0.000 0.000 0.000 0.000
GLU01A0168_003 0.000 0.000 0.000 0.000 0.000 0.000 0.000 0.000 0.000 0.000 0.000 0.000 0.000 0.000 0.000
GLU01A0168_004 0.000 0.000 0.000 0.000 0.000 0.000 0.000 0.000 0.000 0.000 0.000 0.000 0.000 0.000 0.000
GLU01A0168_005 0.000 0.000 0.001 0.000 0.000 0.000 0.002 0.000 0.000 0.000 0.000 0.000 0.000 0.000 0.000
GLU01A0168_006 0.001 0.000 0.001 0.000 0.000 0.000 0.000 0.000 0.000 0.000 0.000 0.000 0.000 0.000 0.000
GLU02A0168_007 0.000 0.000 0.000 0.000 0.000 0.000 0.000 0.000 0.000 0.000 0.000 0.000 0.000 0.000 0.000
GLU02A0168_008 0.000 0.000 0.000 0.000 0.000 0.000 0.000 0.000 0.000 0.000 0.000 0.000 0.000 0.000 0.000
GLU02A0168_009 0.000 0.000 0.000 0.000 0.000 0.000 0.000 0.000 0.001 0.000 0.000 0.000 0.000 0.000 0.000
GLU02A0168_010 0.000 0.000 0.000 0.000 0.000 0.000 0.000 0.000 0.000 0.000 0.000 0.000 0.000 0.000 0.000
GLU02A0168_011 0.000 0.000 0.000 0.000 0.000 0.000 0.000 0.000 0.000 0.000 0.000 0.000 0.000 0.000 0.000
GLU02A0168_012 0.002 0.001 0.000 0.000 0.000 0.000 0.002 0.000 0.000 0.000 0.000 0.000 0.000 0.000 0.000
GLU-1A0168_013 0.581 0.692 0.597 0.606 0.578 0.569 0.572 0.622 0.594 0.618 0.618 0.630 0.652 0.630 0.590
GLU-1A0168_014 0.031 0.016 0.022 0.013 0.027 0.021 0.060 0.018 0.023 0.017 0.028 0.024 0.017 0.008 0.011
GLU-1A0168_015 0.383 0.291 0.379 0.381 0.395 0.410 0.363 0.360 0.382 0.364 0.354 0.346 0.331 0.362 0.398
CTR01A0168_001 0.000 0.000 0.000 0.000 0.000 0.001 0.001 0.001 0.000 0.000 0.000 0.000 0.000 0.000 0.000
CTR02A0168_002 0.000 0.000 0.000 0.000 0.000 0.001 0.000 0.000 0.001 0.001 0.004 0.000 0.000 0.001 0.000
CTR-1A0168_003 0.999 1.000 1.000 1.000 1.000 0.998 0.998 0.999 0.999 0.999 0.995 1.000 1.000 0.999 1.000
CUA01A0200_001 1.000 1.000 1.000 0.987 0.996 0.976 0.937 0.782 0.510 0.290 0.110 0.035 0.005 0.000 0.000
CUA+1A0200_002 0.000 0.000 0.000 0.013 0.004 0.024 0.063 0.218 0.490 0.710 0.890 0.965 0.995 1.000 1.000
